date,signal-date,symbol,industry,direction,kk,sl,tp,risk,entry,exit,status,r,duration,r_sum
2024-03-12,,ttd,,LONG,82.16,80.26,85.96,1.9,82.16,80.26,SL,-1.0,0.0,-1.0
2024-03-12,,adsk,,LONG,259.11,252.45,272.43,6.7,259.11,255.18,TE,-0.6,5.0,-1.6
2024-03-12,,fulc,,LONG,11.68,10.7,13.64,1.0,,,,,,
2024-03-12,,lkq,,LONG,51.81,51.15,53.12,0.7,51.81,51.15,SL,-1.0,4.0,-2.6
2024-03-12,,nue,,LONG,185.22,181.47,192.73,3.8,185.93,181.47,SL,-1.2,2.0,-3.8
2024-03-13,,owl,,LONG,17.54,17.29,18.04,0.2,17.54,17.29,SL,-1.0,1.0,-4.8
2024-03-13,,nem,,SHORT,33.67,34.75,31.51,1.1,,,,,,
2024-03-13,,mod,,LONG,85.35,81.23,93.59,4.1,85.35,93.59,TP,2.0,4.0,-2.8
2024-03-13,,lrcx,,LONG,950.88,925.68,1001.28,25.2,,,,,,
2024-03-13,,kvue,,SHORT,20.12,20.52,19.33,0.4,,,,,,
2024-03-13,,hrb,,LONG,47.98,46.71,50.52,1.3,47.98,46.71,SL,-1.0,1.0,-3.8
2024-03-13,,hmc,,LONG,35.27,34.76,36.3,0.5,,,,,,
2024-03-13,,nee,,SHORT,56.55,57.75,54.16,1.2,,,,,,
2024-03-13,,hd,,LONG,375.9,371.89,383.93,4.0,376.03,371.89,SL,-1.0,3.0,-4.8
2024-03-13,,dwac,,LONG,40.55,36.65,48.34,3.9,,,,,,
2024-03-13,,chtr,,SHORT,291.74,300.02,275.18,8.3,,,,,,
2024-03-13,,cflt,,LONG,32.02,30.72,34.63,1.3,32.02,30.72,SL,-1.0,2.0,-5.8
2024-03-13,,ceg,,LONG,169.06,162.0,183.17,7.1,171.24,172.41,TE,0.2,5.0,-5.6
2024-03-13,,cck,,SHORT,77.54,78.94,74.75,1.4,,,,,,
2024-03-13,,cag,,SHORT,28.31,28.69,27.55,0.4,28.31,28.69,SL,-1.0,0.0,-6.6
2024-03-13,,biib,,SHORT,225.35,230.07,215.92,4.7,225.35,215.92,TP,2.0,4.0,-4.6
2024-03-13,,bg,,SHORT,93.22,95.06,89.55,1.8,,,,,,
2024-03-13,,arqt,,LONG,10.35,9.39,12.28,1.0,10.35,9.86,TE,-0.5,5.0,-5.2
2024-03-13,,apd,,SHORT,243.93,248.13,235.52,4.2,,,,,,
2024-03-13,,pfe,,SHORT,27.76,28.41,26.46,0.6,,,,,,
2024-03-13,,rxrx,,LONG,10.68,9.61,12.82,1.1,10.68,10.75,TE,0.1,5.0,-5.1
2024-03-13,,spot,,LONG,259.74,253.45,272.32,6.3,259.74,253.45,SL,-1.0,2.0,-6.1
2024-03-13,,anf,,LONG,120.74,114.83,132.57,5.9,121.37,131.08,TE,1.6,5.0,-4.5
2024-03-13,,sbac,,SHORT,217.76,223.07,207.14,5.3,,,,,,
2024-03-13,,ypf,,LONG,17.7,17.02,19.07,0.7,17.81,19.07,TP,1.9,3.0,-2.6
2024-03-13,,xel,,SHORT,51.64,54.05,46.82,2.4,51.64,52.43,TE,-0.3,5.0,-2.9
2024-03-13,,wsc,,LONG,46.41,45.46,48.3,0.9,46.41,45.46,SL,-1.0,1.0,-3.9
2024-03-13,,amd,,LONG,202.85,193.68,221.19,9.2,,,,,,
2024-03-13,,vktx,,LONG,68.24,57.9,88.92,10.3,68.24,65.18,TE,-0.3,5.0,-4.2
2024-03-13,,verx,,LONG,30.1,27.97,34.37,2.1,,,,,,
2024-03-13,,twlo,,SHORT,61.75,63.73,57.79,2.0,,,,,,
2024-03-13,,vyx,,SHORT,12.46,13.14,11.09,0.7,,,,,,
2024-03-14,,smfg,,LONG,11.74,11.51,12.21,0.2,,,,,,
2024-03-14,,alks,,LONG,28.81,28.09,30.25,0.7,28.81,28.09,SL,-1.0,2.0,-5.2
2024-03-14,,bwa,,SHORT,32.42,33.11,31.03,0.7,32.25,32.72,TE,-0.7,5.0,-5.9
2024-03-14,,cflt,,LONG,32.02,30.72,34.63,1.3,,,,,,
2024-03-14,,chrw,,SHORT,75.26,77.19,71.41,1.9,74.93,73.95,TE,0.5,5.0,-5.4
2024-03-14,,f,,LONG,12.48,12.21,13.02,0.3,,,,,,
2024-03-14,,gwre,,LONG,116.19,113.45,121.66,2.7,,,,,,
2024-03-14,,hmc,,LONG,35.17,34.67,36.18,0.5,35.43,36.18,TP,1.5,2.0,-3.9
2024-03-14,,mufg,,LONG,10.41,10.2,10.82,0.2,,,,,,
2024-03-14,,rgnx,,LONG,23.07,20.59,28.02,2.5,,,,,,
2024-03-14,,sbac,,SHORT,218.33,223.29,208.41,5.0,216.78,215.72,TE,0.2,5.0,-3.7
2024-03-14,,aso,,LONG,69.9,68.0,73.7,1.9,71.58,71.25,TE,-0.2,5.0,-3.9
2024-03-14,,vyx,,SHORT,12.46,13.14,11.09,0.7,,,,,,
2024-03-15,14.03.2024,kvue,,SHORT,19.9,20.33,19.11,0.4,19.8,20.33,SL,-1.2,0.0,-5.1
2024-03-15,14.03.2024,apa,,SHORT,32.26,32.96,30.94,0.7,32.24,32.96,SL,-1.0,2.0,-6.1
2024-03-15,14.03.2024,dwac,,LONG,41.94,38.63,48.43,3.3,,,,,,
2024-03-18,15.03.2024,blmn,,LONG,28.58,27.82,30.01,0.8,28.58,27.82,SL,-1.0,3.0,-7.1
2024-03-18,15.03.2024,acva,,LONG,17.78,17.13,19.02,0.7,17.78,19.02,TP,1.9,3.0,-5.2
2024-03-18,15.03.2024,ahco,,LONG,10.47,10.03,11.3,0.4,,,,,,
2024-03-18,15.03.2024,bax,,LONG,41.95,41.03,43.67,0.9,,,,,,
2024-03-18,15.03.2024,beam,,LONG,35.48,33.34,39.66,2.1,35.48,33.63,TE,-0.9,5.0,-6.1
2024-03-18,15.03.2024,ceg,,LONG,168.55,162.48,180.22,6.1,168.55,178.24,TE,1.6,5.0,-4.5
2024-03-18,15.03.2024,cflt,,LONG,30.91,29.63,33.38,1.3,31.05,30.96,TE,-0.1,5.0,-4.5
2024-03-18,15.03.2024,chtr,,SHORT,290.31,299.49,272.82,9.2,,,,,,
2024-03-18,15.03.2024,four,,LONG,77.87,74.77,83.84,3.1,,,,,,
2024-03-18,15.03.2024,mtz,,LONG,85.4,82.48,90.99,2.9,85.4,90.99,TP,1.9,3.0,-2.6
2024-03-18,15.03.2024,mu,,LONG,94.79,91.52,101.05,3.3,96.82,91.52,SL,-1.6,1.0,-4.3
2024-03-18,15.03.2024,owl,,LONG,17.53,17.24,18.05,0.3,17.53,18.05,TP,1.8,3.0,-2.5
2024-03-18,15.03.2024,rgnx,,LONG,22.86,20.86,26.8,2.0,,,,,,
2024-03-18,15.03.2024,tgt,,LONG,165.41,160.35,175.04,5.1,165.41,168.63,TE,0.6,5.0,-1.8
2024-03-18,15.03.2024,tmo,,LONG,585.22,576.05,601.84,9.2,585.86,583.09,TE,-0.3,5.0,-2.1
2024-03-19,18.03.2024,pltr,,LONG,24.2,23.0,26.54,1.2,,,,,,
2024-03-19,18.03.2024,net,,LONG,95.83,91.93,103.35,3.9,,,,,,
2024-03-19,18.03.2024,hpe,,LONG,17.21,16.38,18.81,0.8,,,,,,
2024-03-19,18.03.2024,ttd,,LONG,79.1,77.1,82.85,2.0,79.1,82.85,TP,1.9,1.0,-0.3
2024-03-20,19.03.2024,net,,LONG,95.63,92.04,102.54,3.6,95.63,99.07,TE,1.0,5.0,0.7
2024-03-20,19.03.2024,okta,,LONG,105.87,102.92,111.48,3.0,105.87,104.43,TE,-0.5,5.0,0.2
2024-03-20,19.03.2024,mu,,LONG,94.25,90.83,100.82,3.4,94.99,100.82,TP,1.7,1.0,1.9
2024-03-20,19.03.2024,sndx,,LONG,22.48,21.32,24.75,1.2,22.48,21.44,TE,-0.9,5.0,1.0
2024-03-20,19.03.2024,kkr,,LONG,96.65,94.72,100.25,1.9,96.65,100.25,TP,1.9,1.0,2.9
2024-03-20,19.03.2024,kbr,,LONG,60.69,59.77,62.36,0.9,60.69,61.43,TE,0.8,5.0,3.7
2024-03-20,19.03.2024,pltr,,LONG,23.85,22.64,26.21,1.2,23.85,24.89,TE,0.9,5.0,4.6
2024-03-20,19.03.2024,iova,,LONG,14.29,13.36,16.09,0.9,14.29,14.05,TE,-0.3,5.0,4.3
2024-03-20,19.03.2024,fwonk,,LONG,68.81,67.23,71.76,1.6,68.81,67.23,SL,-1.0,1.0,3.3
2024-03-20,19.03.2024,fnd,,LONG,120.57,116.79,127.78,3.8,120.57,127.78,TP,1.9,1.0,5.2
2024-03-20,19.03.2024,cien,,LONG,50.27,47.98,54.7,2.3,50.27,49.52,TE,-0.3,5.0,4.9
2024-03-20,19.03.2024,cflt,,LONG,31.59,30.49,33.7,1.1,31.59,31.0,TE,-0.5,5.0,4.3
2024-03-20,19.03.2024,cccs,,LONG,11.96,11.66,12.5,0.3,11.96,11.94,TE,-0.1,5.0,4.3
2024-03-20,19.03.2024,bax,,LONG,42.02,41.3,43.33,0.7,42.02,41.3,SL,-1.0,4.0,3.3
2024-03-20,19.03.2024,meds,,LONG,20.87,13.39,35.77,7.5,20.87,13.39,SL,-1.0,3.0,2.3
2024-03-20,19.03.2024,tmo,,LONG,584.83,575.8,601.15,9.0,,,,,,
2024-03-20,19.03.2024,apg,,LONG,38.19,37.46,39.54,0.7,38.19,38.38,TE,0.3,5.0,2.5
2024-03-20,19.03.2024,wdc,,LONG,60.32,58.61,63.55,1.7,60.32,63.55,TP,1.9,1.0,4.4
2024-03-21,20.03.2024,cldx,,LONG,42.37,40.39,46.2,2.0,42.71,41.79,TE,-0.5,5.0,4.0
2024-03-21,20.03.2024,rvmd,,LONG,31.29,29.95,33.89,1.3,31.7,29.95,SL,-1.3,3.0,2.7
2024-03-22,21.03.2024,ba,,SHORT,187.36,192.46,177.72,5.1,,,,,,
2024-03-22,21.03.2024,lsxmk,,LONG,29.15,28.59,30.18,0.6,,,,,,
2024-03-22,21.03.2024,kdp,,SHORT,29.51,29.95,28.73,0.4,,,,,,
2024-03-22,21.03.2024,czr,,SHORT,41.52,42.78,39.13,1.3,41.52,42.78,SL,-1.0,2.0,1.7
2024-03-22,21.03.2024,cwan,,SHORT,16.98,17.41,16.17,0.4,,,,,,
2024-03-25,22.03.2024,bg,,SHORT,98.45,100.34,94.97,1.9,,,,,,
2024-03-25,22.03.2024,cldx,,LONG,42.33,40.45,45.96,1.9,42.33,,-,-0.2,4.0,1.5
2024-03-25,22.03.2024,cnk,,LONG,18.07,17.55,19.04,0.5,18.07,,-,-0.2,4.0,1.3
2024-03-25,22.03.2024,dan,,SHORT,12.18,12.53,11.53,0.3,,,,,,
2024-03-25,22.03.2024,fl,,SHORT,23.92,24.74,22.34,0.8,,,,,,
2024-03-25,22.03.2024,ups,,SHORT,155.87,158.52,151.04,2.7,155.45,,-,2.6,4.0,3.8
2024-03-25,22.03.2024,gxo,,SHORT,50.61,51.54,48.9,0.9,50.49,,-,-3.5,4.0,0.3
2024-03-25,22.03.2024,run,,SHORT,11.17,12.0,9.57,0.8,11.17,,-,-2.4,4.0,-2.1
2024-03-25,22.03.2024,fibk,,SHORT,26.12,26.81,24.84,0.7,,,,,,
2024-03-25,22.03.2024,pd,,SHORT,22.33,23.3,20.46,1.0,22.3,,-,-0.4,4.0,-2.5
2024-03-25,22.03.2024,vyx,,SHORT,12.97,13.43,12.11,0.5,12.97,,-,0.7,4.0,-1.7
2024-03-25,22.03.2024,vsco,,SHORT,19.7,20.5,18.15,0.8,19.7,,-,0.4,4.0,-1.3
2024-03-25,22.03.2024,smar,,SHORT,39.13,40.64,36.24,1.5,39.07,,-,0.4,4.0,-1.0
2024-03-25,22.03.2024,whr,,SHORT,110.62,113.13,105.92,2.5,,,,,,
2024-03-25,22.03.2024,au,,LONG,21.31,20.39,23.09,0.9,21.31,,-,1.0,4.0,-0.0
2024-03-25,22.03.2024,u,,SHORT,26.92,27.86,25.13,0.9,26.92,,-,0.2,4.0,0.2
2024-03-26,25.03.2024,tmus,,LONG,161.53,159.62,164.86,1.9,161.53,,-,0.9,3.0,1.1
2024-03-26,25.03.2024,mo,,LONG,43.61,42.86,44.99,0.8,,,,,,
2024-03-26,25.03.2024,cwan,,SHORT,17.0,17.43,16.19,0.4,17.0,,-,-1.6,3.0,-0.5
2024-03-26,25.03.2024,bwa,,SHORT,32.98,33.61,31.8,0.6,32.98,,-,-2.8,3.0,-3.3
2024-03-26,25.03.2024,bdx,,SHORT,240.31,244.28,233.1,4.0,,,,,,
2024-03-26,25.03.2024,ba,,SHORT,189.31,194.28,179.94,5.0,189.31,,-,-0.7,3.0,-4.0
2024-03-27,26.03.2024,whr,,SHORT,112.09,114.87,106.85,2.8,,,,,,
2024-03-27,26.03.2024,bdx,,SHORT,240.35,244.32,233.14,4.0,,,,,,
2024-03-27,26.03.2024,urbn,,LONG,42.64,41.46,44.89,1.2,42.91,,-,0.4,2.0,-3.6
2024-03-27,26.03.2024,flnc,,SHORT,15.73,16.49,14.27,0.8,15.73,,-,-2.1,2.0,-5.7
2024-03-27,26.03.2024,dvax,,SHORT,12.33,12.66,11.74,0.3,,,,,,
2024-03-27,26.03.2024,tsla,,SHORT,177.2,184.35,163.43,7.2,177.2,,-,0.2,2.0,-5.5
2024-03-27,26.03.2024,dan,,SHORT,12.22,12.56,11.59,0.3,,,,,,
2024-03-27,26.03.2024,bg,,SHORT,98.83,100.64,95.51,1.8,,,,,,
2024-03-28,27.03.2024,gct,Software—Infrastructure,LONG,26.87,22.54,35.44,4.3,28.0,,-,-0.3,1.0,-5.8
2024-03-28,27.03.2024,spir,Specialty Business Services,LONG,12.51,10.41,16.65,2.1,,,,,,
2024-03-29,28.03.2024,vsh,Semiconductors,SHORT,22.48,23.03,21.44,0.6,,,,,,
2024-03-29,28.03.2024,bery,Packaging & Containers,SHORT,60.35,61.27,58.68,0.9,,,,,,
2024-03-29,28.03.2024,dan,Auto Parts,SHORT,12.64,12.96,12.07,0.3,,,,,,
2024-03-29,28.03.2024,kdp,Beverages—Non-Alcoholic,SHORT,30.58,31.08,29.67,0.5,,,,,,
2024-03-29,28.03.2024,kvue,Household & Personal Products,SHORT,21.34,21.72,20.64,0.4,,,,,,
2024-03-29,28.03.2024,mp,Other Industrial Metals & Mining,SHORT,14.13,14.77,12.91,0.6,,,,,,
2024-03-29,28.03.2024,orcl,Software—Infrastructure,LONG,126.3,124.05,130.42,2.2,,,,,,
2024-03-29,28.03.2024,penn,Resorts & Casinos,SHORT,18.16,18.79,16.96,0.6,,,,,,
2024-03-29,28.03.2024,urbn,Apparel Retail,LONG,43.53,42.46,45.56,1.1,,,,,,
